0 0.460286 0.510417 0.022135 0.029167
0 0.49349 0.471296 0.019271 0.034259
0 0.253646 0.45787 0.020313 0.036111
0 0.489583 0.206019 0.010937 0.040741
0 0.52474 0.305787 0.015104 0.056019
0 0.275521 0.068519 0.022396 0.026852
0 0.727344 0.478472 0.025 0.021759
0 0.528255 0.159259 0.010677 0.039815
0 0.506641 0.393056 0.010677 0.037037
0 0.62526 0.86412 0.011979 0.039352
0 0.629818 0.710185 0.011198 0.038889
0 0.108333 0.156019 0.016146 0.042593
0 0.491927 0.263194 0.010417 0.038426
0 0.657943 0.901852 0.020573 0.02963
1 0.626693 0.785185 0.015885 0.073148
0 0.132682 0.95 0.013281 0.043519
1 0.460807 0.212963 0.015365 0.064815
0 0.654557 0.76088 0.022135 0.046759
0 0.626172 0.947222 0.011198 0.041667
0 0.15625 0.953241 0.015104 0.043519
0 0.086198 0.133565 0.022396 0.031944
0 0.657943 0.929167 0.020052 0.025
0 0.705859 0.075694 0.01224 0.038426
0 0.409375 0.541898 0.020313 0.018056
0 0.096745 0.158796 0.01276 0.039815
0 0.476432 0.290972 0.01224 0.038426
0 0.60612 0.66875 0.010677 0.043056
0 0.967969 0.472917 0.023958 0.018056
0 0.104167 0.942824 0.016146 0.044907
0 0.944141 0.49375 0.022135 0.018056
0 0.935937 0.812731 0.045833 0.020833
0 0.170313 0.574537 0.023958 0.017593
0 0.172396 0.959491 0.016146 0.049537
0 0.814844 0.887037 0.021875 0.019444
0 0.115234 0.943287 0.015885 0.043981
0 0.658203 0.981944 0.022135 0.034259
0 0.873177 0.815741 0.020313 0.019444
0 0.156771 0.153472 0.015625 0.04213
0 0.747786 0.049537 0.020573 0.038889
0 0.167969 0.152546 0.018229 0.041204
0 0.275651 0.054167 0.022656 0.017593
0 0.656901 0.875926 0.020573 0.02963
0 0.275911 0.028241 0.026823 0.027778
0 0.21263 0.152778 0.017448 0.042593
0 0.61237 0.930324 0.010677 0.038426
0 0.223047 0.15 0.01849 0.041667
0 0.794531 0.56088 0.020833 0.018056
0 0.960026 0.004398 0.026823 0.008796
0 0.98776 0.194676 0.023958 0.025463
0 0.733073 0.094676 0.033333 0.025463
1 0.308073 0.76412 0.026562 0.175463
0 0.366406 0.987963 0.013542 0.023148
0 0.146354 0.951157 0.0125 0.04213
0 0.078255 0.612963 0.015885 0.036111
2 0.576693 0.164583 0.01849 0.021759
0 0.40651 0.535185 0.026042 0.007407
0 0.716797 0.010417 0.017969 0.020833
0 0.477604 0.309491 0.013542 0.004167
0 0.627474 0.68912 0.013802 0.006019
0 0.973698 0.810417 0.020313 0.019907
0 0.706901 0.008333 0.013802 0.016667
